
state={
	id=163
	name="STATE_163"
	provinces={
		1 2 3 4 5 6 24 25 26 27 28 29 34 35 36 52 57 58 59 66 67 71 72 73 90 91 92 134 144 145 146 150 151 170 171 172 206 207 208 258 282 283 284 295 296 328 329 330 394 395 396 466 490 491 492 495 496 523 524 525 608 609 610 699 732 733 734 737 738 764 765 766 847 848 849 942 969 970 971 976 977 1011 1012 1013 1110 1111 1112 1201 1221 1222 1223 1227 1228 1257 1258 1259 1335 1336 1337 1399 1427 1428 1429 1432 1433 1454 1455 1456 1506 1507 1508 1568 1578 1579 1580 1583 1584 1595 1596 1597 1629 1630 1631 1672 1689 1690 1691 1693 1694 1713 1714 1715 1758 1759 1760 1798 1808 1809 1810 1811 1812 1826 1827 1828 1853 1854 1855 1892 1898 1899 1900 1902 1903 1921 1922 1923 1956 1957 1958 1989 1996 1997 1998 1999 2000 2010 2011 2012 2027 2028 2029 2048 2053 2054 2055 2060 2061 2065 2066 2067 2083 2084 2085 2090 2092 2093 2094 2103 2104 2108 2109 2110 
	}
	manpower=10
	state_category = wasteland
}
